     0/499     3.38G   0.06916    0.5106   0.02586    0.6056         2       320  0.008052     0.254  0.004472 0.0006817    0.1023   0.09671   0.02598
     1/499     3.49G   0.06906   0.02724   0.02584    0.1221         7       832  0.009105    0.2478  0.005904 0.0009822    0.1022    0.1014   0.02597
     2/499     3.39G   0.06914   0.02687    0.0258    0.1218         3       576  0.004456    0.1278  0.003741 0.0004559       nan       nan       nan
     3/499     3.44G    0.0684   0.02631    0.0256    0.1203         2       928  0.004332    0.1124  0.001184 0.0001738       nan       nan       nan
     4/499      3.6G   0.06823   0.02827   0.02563    0.1221         5       384    0.0102     0.246  0.006142  0.001001       nan       nan       nan
     5/499     3.51G   0.06692   0.02935   0.02508    0.1214         2       480   0.01061     0.254  0.007895  0.001362       nan       nan       nan
     6/499     3.45G   0.06581   0.02637   0.02454    0.1167         5       736  0.009014     0.228  0.004766 0.0009406       nan       nan       nan
     7/499     3.41G    0.0647   0.02734    0.0234    0.1154         7       768   0.01024    0.1953  0.007698  0.001323       nan       nan       nan
     8/499     14.2G   0.06364   0.02711   0.02205    0.1128         2       576  0.009049    0.1738  0.006535  0.001027       nan       nan       nan
     9/499     3.66G   0.06303   0.02755   0.02098    0.1116         3       896    0.1559   0.09223   0.06658   0.01492   0.09567    0.1183   0.02496
    10/499     3.41G   0.06144    0.0299   0.01859    0.1099         5       544    0.0957    0.1602   0.05869   0.00939       nan       nan       nan
    11/499     3.42G   0.05802   0.02586   0.01361   0.09749        10       608    0.7952    0.2078    0.2141   0.05929   0.08965     0.122   0.01632
    12/499     14.4G   0.05415    0.0226  0.008176   0.08492         7       736    0.1886    0.4195    0.1843   0.08335       nan       nan       nan
    13/499     3.55G   0.05032   0.02177  0.006737   0.07883         9       448    0.3324    0.4087    0.3424    0.1721       nan       nan       nan
    14/499     14.7G   0.04725   0.02083  0.004842   0.07292         2       928    0.2406    0.5281     0.226    0.1169       nan       nan       nan
    15/499     3.38G    0.0445   0.01907   0.00403    0.0676         6       288    0.2876    0.5227    0.2782    0.1595       nan       nan       nan
    16/499     14.8G   0.04263   0.02057  0.003713   0.06692         1       544    0.3738    0.5346    0.3796    0.2302       nan       nan       nan
    17/499     14.8G   0.04118   0.01988  0.003164   0.06423         4       320    0.5583    0.5896    0.5155    0.3233       nan       nan       nan
    18/499     14.8G    0.0406   0.01865  0.003023   0.06227         3       448    0.3969    0.6208    0.3899    0.2441       nan       nan       nan
    19/499     14.8G   0.03864   0.01884   0.00263   0.06012         8       544     0.357    0.6667    0.3334    0.2064       nan       nan       nan
    20/499     14.8G    0.0373   0.01854  0.002737   0.05859         3       896    0.5359    0.6333    0.5077     0.315       nan       nan       nan
    21/499     14.8G   0.03709   0.01852  0.002634   0.05825         5       768    0.4228    0.6143    0.4146    0.2787       nan       nan       nan
    22/499     14.8G   0.03625   0.01783  0.002407   0.05649         4       384    0.4274    0.5818     0.388    0.2532       nan       nan       nan
    23/499     14.8G   0.03551   0.01938  0.002196   0.05708         4       928    0.3654    0.6529    0.3408    0.2299       nan       nan       nan
    24/499     14.8G   0.03497   0.01828  0.002138   0.05539         5       480    0.5424    0.6617    0.5144    0.3339       nan       nan       nan
    25/499      3.4G   0.03437   0.01948  0.001999   0.05585         9       640    0.5965    0.5983    0.5139    0.3305       nan       nan       nan
    26/499     3.44G   0.03392   0.01957  0.002099   0.05559         3       800     0.698    0.6564    0.6133    0.4175       nan       nan       nan
    27/499     3.44G     0.033     0.018  0.001937   0.05294         6       704    0.4712    0.7046    0.4811    0.3361       nan       nan       nan
    28/499     3.43G   0.03264   0.01784  0.002057   0.05254         3       864    0.6079    0.7304    0.5839    0.3954       nan       nan       nan
    29/499     3.69G   0.03135   0.01699  0.001522   0.04986         2       544    0.4962    0.7368    0.4809    0.3336       nan       nan       nan
    30/499     13.8G   0.03211   0.01625  0.001746    0.0501         7       768    0.5591    0.6972    0.5344    0.3811       nan       nan       nan
    31/499     13.8G   0.03105   0.01626  0.001716   0.04903         4       448    0.6941    0.7108    0.6635    0.4457       nan       nan       nan
    32/499     13.8G   0.03143   0.01628  0.001589    0.0493         8       448    0.4274    0.7078    0.4177    0.2818       nan       nan       nan
    33/499     13.8G   0.03142   0.01747  0.001628   0.05051         8       928    0.6891    0.7231    0.6393    0.4361       nan       nan       nan
    34/499     13.8G   0.03111   0.01846  0.001607   0.05117         4       608    0.8026    0.6989    0.6983    0.4776       nan       nan       nan
    35/499     13.8G   0.03087   0.01663  0.001669   0.04917         4       608    0.8454      0.71    0.7544    0.5009       nan       nan       nan
    36/499     13.8G   0.03042   0.01731  0.001511   0.04924         2       576    0.7993    0.7084    0.7362    0.4876       nan       nan       nan
    37/499     13.8G   0.02983   0.01655  0.001363   0.04774         2       704    0.8385    0.7291    0.7587    0.5216       nan       nan       nan
    38/499     13.8G   0.02991   0.01747  0.001544   0.04892         6       768     0.793    0.7591    0.7615    0.5196       nan       nan       nan
    39/499     13.8G   0.02985     0.018  0.001396   0.04924         7       928    0.7801    0.7447    0.7336    0.5129       nan       nan       nan
    40/499     13.8G   0.02965   0.01645  0.001282   0.04738         2       704    0.7215    0.7773    0.6711    0.4484       nan       nan       nan
    41/499     13.8G   0.02943   0.01734  0.001457   0.04823        10       736    0.7926    0.7718    0.7528    0.5159       nan       nan       nan
    42/499     3.43G   0.02918   0.01601  0.001293   0.04648         5       416    0.7659    0.7376    0.6881    0.4662       nan       nan       nan
    43/499     14.3G   0.02847   0.01532  0.001242   0.04503         6       640    0.8456      0.79    0.8025    0.5499   0.05118    0.1237   0.01519
    44/499     14.3G   0.02916   0.01741  0.001226    0.0478         7       608    0.8037    0.7611    0.7687    0.5338   0.05157    0.1224   0.01484
    45/499     14.3G   0.02909   0.01711  0.001232   0.04744         2       704    0.7824    0.7706    0.7301     0.498   0.05155    0.1252   0.01433
    46/499     14.3G   0.02848   0.01578  0.001212   0.04547         5       832    0.8366    0.7927    0.7939    0.5474   0.05098    0.1231   0.01498
    47/499     14.3G    0.0289   0.01634  0.001332   0.04657         3       608    0.8247    0.7931    0.8024    0.5514    0.0505    0.1279   0.01472
    48/499     3.41G   0.02843   0.01666  0.001283   0.04637         5       352    0.8259    0.7869    0.7904    0.5577   0.05018    0.1271   0.01523
    49/499     15.1G    0.0278   0.01643  0.001127   0.04536         6       576    0.8376    0.7774    0.8008    0.5573   0.05105    0.1244   0.01604
    50/499     15.1G   0.02824   0.01587 0.0009779   0.04508         8       416    0.8629    0.7879    0.8097    0.5636   0.05075    0.1262   0.01529
    51/499     15.1G   0.02726   0.01585   0.00127   0.04438         3       864    0.8786    0.7775    0.7997    0.5664    0.0499    0.1227   0.01505
    52/499     15.1G   0.02722     0.015  0.001246   0.04347         6       608    0.9067    0.7562    0.8074    0.5473   0.04947    0.1285   0.01326
    53/499     15.1G   0.02765    0.0164  0.001191   0.04524         3       320     0.863    0.7719    0.8069    0.5676   0.05087    0.1238   0.01573
    54/499     15.1G   0.02778   0.01765  0.001286   0.04671         6       352    0.8818    0.7677    0.8023    0.5642   0.04991    0.1288   0.01446
    55/499     15.1G   0.02721   0.01538  0.001115   0.04371         3       896    0.8472    0.7921    0.7873    0.5478   0.04891    0.1325    0.0141
    56/499     15.1G   0.02798   0.01566  0.001477   0.04511         4       768    0.9161    0.7912     0.829    0.5836   0.04992    0.1232   0.01504
    57/499     15.1G   0.02819   0.01677  0.001372   0.04633        14       896    0.7019    0.7419      0.65    0.4331       nan       nan       nan
    58/499     15.1G   0.02776   0.01552  0.001093   0.04438         8       640    0.9079    0.7719    0.8147    0.5614   0.05059    0.1273    0.0134
    59/499     15.1G   0.02749   0.01632  0.001173   0.04498         5       352     0.938    0.7721    0.8363    0.5627   0.04961     0.129    0.0147
    60/499     15.1G   0.02733   0.01596  0.001048   0.04434         5       384    0.8878    0.7786    0.8184    0.5782   0.05024    0.1293   0.01483
    61/499     15.1G   0.02719   0.01932  0.001172   0.04769        15       320    0.8871    0.7889     0.825    0.5771   0.04976      0.13   0.01401
    62/499     15.1G   0.02682   0.01599  0.001134   0.04395         5       736    0.9016    0.7996    0.8322    0.5775   0.04953    0.1253   0.01452
    63/499     15.1G   0.02705   0.01514   0.00102   0.04321        11       320    0.8685    0.8207    0.8366    0.5816   0.04963    0.1312   0.01438
    64/499     15.1G   0.02647   0.01428 0.0009043   0.04165        12       416    0.9131    0.7859    0.8288    0.5835   0.04897    0.1292   0.01333
    65/499     15.1G   0.02658   0.01511 0.0009728   0.04266         3       544    0.9073    0.7992    0.8338    0.5889   0.04893    0.1318   0.01261
    66/499     15.1G   0.02612   0.01489 0.0009414   0.04195         6       384    0.8627    0.8021    0.8239    0.5738   0.04953    0.1301    0.0137
    67/499     3.73G   0.02647   0.01517 0.0009328   0.04257         8       704    0.8331    0.8356     0.832    0.5786   0.04908    0.1327   0.01251
    68/499     14.2G   0.02616   0.01501  0.001102   0.04228         7       640    0.9032    0.8184    0.8477    0.5962   0.04924    0.1295   0.01557
    69/499     14.2G    0.0263   0.01712  0.001054   0.04447         2       896    0.9008    0.8051     0.836    0.5973    0.0493    0.1325   0.01456
    70/499     14.2G   0.02542   0.01409 0.0007662   0.04028         4       608    0.8879    0.8024    0.8333    0.5783   0.04863     0.132   0.01511
    71/499     14.2G   0.02625   0.01467  0.001003   0.04193         4       416    0.8749    0.8199    0.8393    0.5716   0.04901    0.1354   0.01429
    72/499     14.2G   0.02579   0.01451  0.001045   0.04134         4       864    0.8952    0.7897    0.8247    0.5841   0.04893    0.1352   0.01384
    73/499     14.2G    0.0261   0.01506  0.001007   0.04216         5       352    0.9354    0.7837    0.8405    0.5894   0.04908     0.135   0.01414
    74/499     14.2G   0.02582   0.01528 0.0009174   0.04202        32       736    0.9148    0.7852      0.84     0.597   0.04854    0.1327   0.01372
    75/499     14.2G    0.0253   0.01476 0.0008265   0.04088         3       800    0.9208    0.7804    0.8381    0.5946   0.04959    0.1342   0.01434
    76/499     14.2G    0.0256   0.01375  0.001465   0.04081         4       608    0.8798    0.8112    0.8433    0.5931   0.04964     0.137   0.01472
    77/499     14.2G   0.02567     0.015 0.0009499   0.04161         9       384    0.9075    0.8207    0.8493    0.6156   0.04882    0.1374   0.01558
    78/499     14.2G   0.02554   0.01477 0.0009346   0.04125         8       800    0.8944    0.8043    0.8334    0.5944   0.04821     0.137    0.0131
    79/499     14.2G   0.02502   0.01343 0.0008669   0.03932         5       864    0.9204    0.7889    0.8415    0.6021   0.04883    0.1356   0.01485
    80/499     14.2G   0.02543   0.01562 0.0008608   0.04191        13       320    0.9227    0.7972    0.8434    0.5954   0.04821    0.1323   0.01346
    81/499     14.2G   0.02506     0.015 0.0008423   0.04091        16       608    0.8891     0.813    0.8456    0.6054    0.0475    0.1369   0.01391
    82/499     14.2G   0.02521   0.01515  0.000833   0.04119         8       800    0.9239     0.811    0.8463    0.5929   0.04802    0.1358   0.01543
    83/499     14.2G   0.02488   0.01297 0.0009299   0.03877         8       864    0.9269    0.7971    0.8435    0.6003   0.04808    0.1371   0.01435
    84/499     14.2G   0.02548    0.0132 0.0008418   0.03952         4       864    0.8979    0.7974    0.8354    0.5987   0.04817    0.1385   0.01491
    85/499     14.2G   0.02519   0.01612  0.000913   0.04223         6       640    0.9453    0.8009    0.8566    0.5914   0.04794     0.137   0.01499
    86/499     14.2G   0.02469   0.01329 0.0008003   0.03879         6       864    0.9356    0.7993    0.8449    0.6058   0.04785     0.138   0.01596
    87/499     14.2G   0.02497   0.01568 0.0008826   0.04154         4       288    0.9108    0.7888    0.8402    0.6002   0.04852    0.1407   0.01438
    88/499     14.2G   0.02428   0.01393  0.000803   0.03901         4       384    0.9358    0.8131    0.8562    0.6028     0.048     0.138   0.01609
    89/499     14.2G   0.02483   0.01459 0.0008444   0.04026         6       288    0.9311    0.8036     0.855    0.6071   0.04747    0.1407    0.0143
    90/499     14.2G   0.02473   0.01368 0.0008301   0.03924         3       608    0.9177    0.8003    0.8491    0.6028   0.04869    0.1425   0.01553
    91/499     14.2G   0.02538   0.01489 0.0008921   0.04116         4       480    0.9018    0.8278    0.8569    0.6078   0.04762     0.143   0.01461
    92/499     14.2G   0.02442   0.01514 0.0008153   0.04037         3       352    0.8771    0.8312    0.8501    0.6071   0.04787     0.137   0.01523
    93/499     14.2G   0.02441   0.01509 0.0008143   0.04031         9       480    0.8888    0.8237     0.854    0.6016     0.048    0.1406   0.01418
    94/499     14.2G    0.0242   0.01375 0.0008075   0.03875         1       448    0.9179    0.8147     0.853    0.6106   0.04833    0.1417   0.01595
    95/499     3.44G   0.02469   0.01435 0.0008603    0.0399        12       512      0.93    0.8164    0.8495     0.609   0.04698    0.1414   0.01441
    96/499     14.5G   0.02396    0.0146 0.0008016   0.03937         2       832     0.943    0.8056    0.8603    0.6199   0.04735    0.1412   0.01414
    97/499     14.5G   0.02456   0.01467 0.0008748    0.0401        13       384    0.9267    0.8129    0.8587    0.6024   0.04769     0.147   0.01426
    98/499     14.5G   0.02381   0.01415 0.0008589   0.03881         2       864    0.9582    0.8196    0.8789    0.6279   0.04708    0.1397     0.014
    99/499     14.5G   0.02394   0.01316 0.0007712   0.03787         8       416    0.9155    0.8179    0.8614    0.6083   0.04698    0.1425   0.01342
   100/499     14.6G   0.02424   0.01615 0.0007888   0.04118        11       704    0.8904    0.8238    0.8531    0.6143   0.04801    0.1432   0.01439
   101/499     14.6G   0.02431   0.01474  0.001171   0.04021         3       352    0.8905    0.8174    0.8509    0.6135   0.04739     0.145   0.01322
   102/499     14.6G   0.02437   0.01448 0.0008298   0.03968         7       544    0.9096    0.8141    0.8555    0.6167   0.04756    0.1419   0.01433
   103/499     14.6G   0.02397   0.01508 0.0008338   0.03988         3       768    0.9286    0.8149    0.8588    0.6181   0.04805    0.1446   0.01319
   104/499     14.6G   0.02383   0.01535 0.0007464   0.03993         3       352    0.9233    0.8217    0.8668    0.6183   0.04677    0.1449   0.01423
   105/499     14.6G   0.02411   0.01369 0.0007734   0.03857         3       736    0.9324    0.8137    0.8676    0.6272   0.04657    0.1431   0.01285
   106/499     14.6G   0.02353   0.01348 0.0006794   0.03768         3       576     0.935    0.8259    0.8721     0.627   0.04676    0.1413   0.01333
   107/499     14.6G   0.02337   0.01522 0.0008014   0.03939         2       736    0.9179    0.8102    0.8691    0.6343   0.04605    0.1422   0.01342
   108/499     14.6G   0.02388   0.01407 0.0008406    0.0388         9       512     0.922    0.8197    0.8692    0.6318   0.04657    0.1405   0.01458
   109/499     14.6G   0.02388    0.0152 0.0008129   0.03989         8       384    0.9177    0.8407    0.8744    0.6241   0.04658    0.1443   0.01295
   110/499     14.6G   0.02381    0.0142 0.0007768   0.03879         5       704     0.934    0.8258    0.8663    0.6277   0.04669    0.1485   0.01406
   111/499     14.6G   0.02387   0.01464 0.0006743   0.03919         7       608    0.9392    0.8199    0.8702    0.6362   0.04629    0.1464    0.0137
   112/499     14.6G   0.02306    0.0133 0.0007383   0.03709         3       608    0.9147    0.8265    0.8721    0.6326   0.04616    0.1524   0.01307
   113/499     14.6G   0.02309    0.0125 0.0006887   0.03628         3       800    0.9343    0.8238    0.8669    0.6268   0.04611    0.1527   0.01245
   114/499     14.6G   0.02305   0.01443 0.0007226    0.0382         1       704    0.8895    0.8281     0.863    0.6266    0.0468     0.147   0.01311
   115/499     14.6G   0.02371   0.01442 0.0007144   0.03885         6       640    0.9074    0.8326    0.8688    0.6337   0.04721    0.1525     0.013
   116/499     14.6G   0.02298   0.01266 0.0006881   0.03633        11       448    0.9643    0.8009    0.8738    0.6282   0.04709    0.1525   0.01347
   117/499     14.6G   0.02258   0.01345  0.000672    0.0367         3       544    0.9008    0.8416    0.8653    0.6318   0.04638    0.1524   0.01429
   118/499     14.6G    0.0234   0.01275 0.0006464    0.0368        11       736    0.9165    0.8357    0.8654    0.6265   0.04647     0.158   0.01355
   119/499     14.6G   0.02261   0.01361 0.0006821    0.0369         2       800    0.9054    0.8335    0.8635     0.633   0.04605    0.1565   0.01262
   120/499     14.6G   0.02364   0.01573 0.0007361    0.0401        11       864    0.9327      0.81    0.8605    0.6271   0.04629    0.1467   0.01391
   121/499     14.6G   0.02263   0.01104 0.0006131   0.03428         2       448    0.9212    0.8365    0.8691    0.6311   0.04635    0.1469   0.01497
   122/499     14.6G   0.02326   0.01406 0.0007097   0.03803        16       704    0.9184    0.8388    0.8726    0.6318    0.0461    0.1569   0.01444
   123/499     14.6G   0.02312   0.01527 0.0006953   0.03909         8       512    0.9598     0.829    0.8751    0.6336   0.04539    0.1508   0.01393
   124/499     14.6G   0.02278   0.01329 0.0006425   0.03672         2       704    0.9437     0.823    0.8742     0.626    0.0461    0.1511   0.01497
   125/499     14.6G   0.02317   0.01442 0.0006902   0.03828        17       640    0.9084    0.8383    0.8646    0.6231   0.04622    0.1525    0.0163
   126/499     14.6G   0.02282   0.01431 0.0006959   0.03783         3       896    0.9128     0.844    0.8807    0.6344   0.04562    0.1512   0.01537
   127/499     14.6G   0.02293   0.01506 0.0006874   0.03868        12       352    0.9413    0.8263    0.8695    0.6384   0.04536     0.155   0.01306
   128/499     14.6G   0.02279   0.01244 0.0006487   0.03588         5       736    0.9295    0.8401    0.8818    0.6492   0.04493    0.1525   0.01367
   129/499     14.6G   0.02324   0.01421 0.0007516    0.0382         8       416    0.9455    0.8145    0.8719    0.6368   0.04535    0.1513   0.01437
   130/499     14.6G    0.0227   0.01358 0.0007052   0.03699        12       736    0.9416    0.8164      0.87    0.6364   0.04589    0.1533   0.01559
   131/499     14.6G   0.02274   0.01329 0.0006261   0.03666        11       352    0.9279    0.8365    0.8729    0.6446   0.04555    0.1566    0.0154
   132/499     14.6G   0.02242   0.01292 0.0006071   0.03594         5       864    0.9546    0.8208    0.8757    0.6486   0.04476    0.1532   0.01495
   133/499     14.6G   0.02317   0.01446 0.0007259   0.03835         3       608    0.9268     0.832    0.8753    0.6337   0.04546    0.1592   0.01479
   134/499     14.6G   0.02262    0.0131 0.0006789    0.0364         4       320    0.9538    0.8232    0.8794    0.6449   0.04507     0.155   0.01507
   135/499     14.6G   0.02216   0.01311 0.0006074   0.03587        10       512    0.9518    0.8271    0.8758    0.6416   0.04492    0.1605    0.0147
   136/499     14.6G    0.0227   0.01239  0.000676   0.03577         1       512    0.9405     0.835    0.8766    0.6382   0.04532    0.1592   0.01539
   137/499     14.6G   0.02229   0.01311  0.000698    0.0361         4       896    0.9344    0.8333    0.8711    0.6458   0.04537    0.1585   0.01556
   138/499     14.6G     0.022   0.01223 0.0006507   0.03488         3       640    0.9282    0.8378    0.8737    0.6454    0.0453    0.1588   0.01541
   139/499     14.6G    0.0224   0.01387 0.0005883   0.03685         8       736    0.9487    0.8226      0.87    0.6382   0.04506     0.157   0.01362
   140/499     14.6G    0.0224   0.01484 0.0007074   0.03795         6       832    0.9504    0.8195    0.8627     0.644   0.04456     0.159   0.01324
   141/499     14.6G   0.02316   0.01558 0.0007039   0.03945        11       416    0.9348    0.8324    0.8705     0.635   0.04455    0.1547   0.01371
   142/499     14.6G   0.02206   0.01328 0.0006138   0.03595        13       384    0.9407    0.8269    0.8768    0.6334   0.04447    0.1594   0.01425
   143/499     14.6G   0.02231   0.01329 0.0006965    0.0363         9       768    0.9408    0.8149    0.8723    0.6462   0.04429    0.1568   0.01471
   144/499     14.6G   0.02296   0.01361 0.0006238    0.0372         6       576    0.9567    0.8254    0.8756    0.6492   0.04468    0.1615     0.015
   145/499     14.6G   0.02206   0.01367  0.000582    0.0363         8       480    0.9492    0.8237    0.8746    0.6438    0.0447    0.1598   0.01597
   146/499     14.6G   0.02241   0.01299  0.000604     0.036        10       544    0.9444    0.8335    0.8776    0.6485   0.04446    0.1656     0.015
   147/499     14.6G   0.02221   0.01418 0.0006622   0.03705         5       608    0.9177    0.8557    0.8871    0.6579   0.04488    0.1621   0.01589
   148/499     14.6G   0.02248   0.01436 0.0007754   0.03761         7       704    0.9599    0.8073    0.8752    0.6469   0.04483    0.1618   0.01473
   149/499     14.6G   0.02175   0.01268 0.0007228   0.03515         7       416    0.9512    0.8175    0.8723    0.6469   0.04439    0.1651   0.01347
   150/499     14.6G   0.02242   0.01393   0.00064   0.03699         7       736    0.9599    0.8198    0.8723    0.6502   0.04444    0.1628   0.01329
   151/499     14.6G   0.02223   0.01205 0.0006051   0.03488        10       736    0.9573    0.8212    0.8738    0.6505   0.04443     0.167   0.01289
   152/499     14.6G   0.02222   0.01303 0.0006533   0.03591        10       352    0.9536    0.8227    0.8707    0.6531   0.04453    0.1675   0.01396
   153/499     14.6G    0.0221   0.01588 0.0006038   0.03858        10       704     0.966    0.8257    0.8797    0.6623   0.04408    0.1676   0.01386
   154/499     14.6G   0.02182     0.014 0.0005328   0.03635         6       768    0.9311    0.8469    0.8851    0.6628   0.04422    0.1654   0.01409
   155/499     14.6G   0.02203   0.01137 0.0006766   0.03408         5       640    0.9714    0.8214    0.8807    0.6597   0.04398     0.161   0.01404
   156/499     14.6G   0.02253   0.01476 0.0006711   0.03796         3       608    0.9481    0.8316      0.88    0.6656   0.04406    0.1643   0.01408
   157/499     14.6G   0.02136   0.01243 0.0006133    0.0344         2       864    0.9625    0.8329    0.8871    0.6624   0.04373    0.1654   0.01246
   158/499     14.6G    0.0219   0.01343 0.0006347   0.03597         8       512    0.9549    0.8253    0.8786    0.6552   0.04404    0.1658   0.01355
   159/499     14.6G   0.02162   0.01127 0.0005565   0.03345         3       448    0.9556    0.8371    0.8878    0.6571   0.04393    0.1668   0.01433
   160/499     14.6G   0.02194   0.01272 0.0005442   0.03521         5       480    0.9457    0.8266    0.8714    0.6548   0.04377    0.1676    0.0139
   161/499     14.6G    0.0215   0.01133 0.0006692    0.0335         8       608    0.9632    0.8153    0.8776    0.6554   0.04437    0.1684   0.01435
   162/499     14.6G    0.0214   0.01313  0.000648   0.03519        13       416    0.9554    0.8311    0.8825    0.6617   0.04392    0.1724   0.01395
   163/499     14.6G   0.02141   0.01273 0.0005848   0.03472         5       928    0.9493    0.8143     0.871     0.657     0.044    0.1687   0.01473
   164/499     14.6G   0.02165   0.01228 0.0006527   0.03458        12       704    0.9467    0.8327    0.8777    0.6552   0.04376    0.1652    0.0149
   165/499     14.6G   0.02163   0.01422 0.0006826   0.03654         8       576    0.9554    0.8293    0.8803    0.6543   0.04359    0.1666   0.01442
   166/499     14.6G   0.02186   0.01238 0.0006894   0.03493         8       384    0.9635    0.8162    0.8702    0.6556   0.04396     0.165   0.01554
   167/499     14.6G   0.02187   0.01237 0.0005678   0.03481        11       832    0.9698    0.8216    0.8749    0.6542   0.04375    0.1672   0.01568
   168/499     14.6G   0.02171   0.01174 0.0005597     0.034         1       640    0.9694    0.8207    0.8799     0.659   0.04384    0.1656   0.01596
   169/499     14.6G   0.02128   0.01273 0.0005457   0.03456        16       864      0.96    0.8247    0.8792    0.6569   0.04412    0.1705   0.01561
   170/499     14.6G   0.02154   0.01311 0.0005972   0.03525         3       896    0.9554    0.8217    0.8815    0.6576   0.04409    0.1709   0.01426
   171/499     14.6G   0.02143   0.01382 0.0005866   0.03584         4       320    0.9564     0.819    0.8781    0.6606   0.04399    0.1683   0.01432
   172/499     14.6G   0.02152   0.01326 0.0006505   0.03543        10       480    0.9489    0.8315    0.8823    0.6609   0.04381    0.1692   0.01391
   173/499     14.6G   0.02176   0.01205 0.0008432   0.03465         2       576    0.9484    0.8366    0.8789    0.6618    0.0438    0.1682   0.01496
   174/499     14.6G   0.02083   0.01175 0.0005261   0.03311         2       832     0.934    0.8338    0.8778    0.6612    0.0433    0.1706   0.01418
   175/499     14.6G   0.02116   0.01312 0.0005995   0.03488        13       352    0.9316    0.8302    0.8784    0.6683   0.04338    0.1702   0.01435
   176/499     14.6G   0.02145   0.01219 0.0006262   0.03426         5       928    0.9403    0.8345    0.8848    0.6681   0.04339    0.1703   0.01533
   177/499     14.6G   0.02122   0.01205 0.0005568   0.03383         4       512    0.9532    0.8269    0.8844    0.6652   0.04343    0.1687   0.01523
   178/499     14.6G   0.02157   0.01215 0.0005575   0.03427         6       576    0.9719    0.8081    0.8808     0.669   0.04307    0.1699   0.01518
   179/499     14.6G   0.02096   0.01161 0.0005868   0.03316         2       576    0.9216    0.8511     0.884    0.6686   0.04325    0.1679   0.01617
   180/499     14.6G    0.0211    0.0117 0.0005135   0.03332        10       704    0.9216    0.8446    0.8741    0.6643   0.04305    0.1699   0.01632
   181/499     14.6G   0.02091   0.01135 0.0004919   0.03275         2       928    0.9483    0.8323    0.8789    0.6653   0.04296    0.1692   0.01533
   182/499     14.6G    0.0209   0.01297 0.0006169   0.03449         3       768     0.955    0.8184    0.8731     0.663   0.04263    0.1729   0.01394
   183/499     14.6G   0.02139   0.01356 0.0006465   0.03559        12       352    0.9536    0.8288    0.8763    0.6653   0.04279    0.1758   0.01333
   184/499     14.6G   0.02086   0.01141 0.0005064   0.03277         2       704    0.9449    0.8271    0.8764    0.6635    0.0428    0.1729   0.01357
   185/499     14.6G   0.02123   0.01367 0.0005624   0.03547         6       704    0.9733    0.8145    0.8775    0.6638   0.04285    0.1739   0.01297
   186/499     14.6G   0.02146   0.01313 0.0005469   0.03514         3       480    0.9598    0.8153    0.8798    0.6631   0.04305    0.1724   0.01347
   187/499     14.6G   0.02078   0.01255 0.0005568   0.03389         7       544    0.9285    0.8352    0.8784     0.664   0.04265    0.1756   0.01251
   188/499     14.6G     0.021   0.01281 0.0005374   0.03435         2       384    0.9533    0.8348    0.8825    0.6644   0.04242    0.1751   0.01238
   189/499     14.6G   0.02104   0.01288 0.0005115   0.03443        16       480    0.9418     0.838    0.8842    0.6662   0.04261    0.1729   0.01283
   190/499     14.6G   0.02128   0.01286  0.001053   0.03519         4       928    0.9634    0.8166    0.8811    0.6653   0.04313    0.1733   0.01351
   191/499     14.6G   0.02133   0.01327 0.0005743   0.03517         7       832    0.9578    0.8238    0.8824    0.6642   0.04289    0.1738   0.01333
   192/499     14.6G   0.02088   0.01277 0.0005557    0.0342         4       608    0.9333    0.8312    0.8831    0.6697   0.04275    0.1724   0.01359
   193/499     14.6G   0.02101   0.01278 0.0005573   0.03435         6       768    0.9277    0.8302    0.8826    0.6709    0.0428    0.1726   0.01373
   194/499     14.6G   0.02065   0.01266 0.0005042   0.03381         8       800    0.9344    0.8331    0.8872     0.671   0.04259    0.1725   0.01348
   195/499     14.6G   0.02085   0.01287 0.0005531   0.03427        11       352     0.964    0.8176    0.8802    0.6677   0.04267    0.1717   0.01408
   196/499     14.6G   0.02105   0.01216 0.0005776   0.03379         2       768    0.9677    0.8188    0.8824    0.6666   0.04267    0.1738   0.01381
   197/499     14.6G   0.02124    0.0124 0.0004794   0.03412         5       288     0.944    0.8325    0.8829    0.6689   0.04286     0.174   0.01355
   198/499     14.6G   0.02082   0.01184 0.0005884   0.03325         5       704    0.9514    0.8314    0.8899    0.6685   0.04286    0.1732   0.01361
   199/499     14.6G   0.02044   0.01256 0.0005578   0.03356         1       512    0.9694    0.8178    0.8859    0.6722   0.04266    0.1742   0.01385
   200/499     14.6G   0.02022   0.01166 0.0004638   0.03234         2       768    0.9561    0.8263     0.886     0.671   0.04247    0.1741   0.01383
   201/499     14.6G   0.02064    0.0146 0.0005004   0.03574        11       576    0.9272    0.8473    0.8835     0.669   0.04247    0.1728   0.01457
   202/499     14.6G   0.02097   0.01326 0.0005615   0.03479        11       704    0.9404    0.8398    0.8832    0.6658   0.04298    0.1722    0.0148
   203/499     14.6G   0.02065   0.01244 0.0005262   0.03361         2       608    0.9617    0.8281    0.8837    0.6684   0.04261    0.1719   0.01485
   204/499     14.6G    0.0204   0.01294 0.0004408   0.03378         3       576    0.9662    0.8283    0.8866    0.6728    0.0423    0.1737   0.01443
   205/499     14.6G   0.02012   0.01043 0.0004685   0.03102         6       704    0.9458    0.8388    0.8843    0.6707   0.04264    0.1726    0.0146
   206/499     14.6G   0.02003   0.01135 0.0005157    0.0319         2       576    0.9479    0.8356    0.8849    0.6727   0.04248    0.1731   0.01453
   207/499     14.6G   0.02055   0.01165 0.0004942   0.03269        10       896    0.9317    0.8436    0.8859    0.6717   0.04238    0.1737   0.01442
   208/499     14.6G   0.02051     0.013  0.000541   0.03405         5       800    0.9502    0.8342    0.8855    0.6719   0.04241    0.1753    0.0142
   209/499     14.6G   0.02091   0.01308 0.0004515   0.03444        28       768    0.9564    0.8362    0.8911    0.6703    0.0427    0.1766    0.0142
   210/499     14.6G   0.02008   0.01027 0.0005016   0.03085        11       896    0.9385    0.8396    0.8857      0.67   0.04249    0.1741   0.01427
   211/499     14.6G   0.02056   0.01018 0.0004643   0.03121         2       320    0.9341    0.8411    0.8862    0.6709    0.0424    0.1765   0.01399
   212/499     14.6G    0.0204   0.01231 0.0005259   0.03323         7       768    0.9657    0.8192    0.8858    0.6703   0.04235     0.177   0.01384
   213/499     14.6G   0.02034   0.00971 0.0004895   0.03054         3       800    0.9763    0.8131    0.8807    0.6703   0.04232    0.1785   0.01368
   214/499     14.6G   0.02036   0.01114 0.0005146   0.03201         4       640    0.9353    0.8429    0.8867      0.67   0.04228    0.1784   0.01359
   215/499     14.6G   0.02039   0.01219 0.0006116   0.03319        12       768    0.9411    0.8353    0.8856    0.6734   0.04203    0.1771    0.0132
   216/499     14.6G   0.02024   0.01213 0.0005853   0.03296         6       288    0.9496    0.8407    0.8883    0.6713   0.04215     0.175   0.01343
   217/499     14.6G   0.02072   0.01277 0.0004592   0.03395         8       352     0.931    0.8511    0.8913    0.6705   0.04227     0.174   0.01327
   218/499     14.6G   0.02036   0.01236 0.0004349   0.03315         4       704    0.9308     0.848    0.8861      0.67   0.04254    0.1729   0.01331
   219/499     14.6G   0.02068   0.01198  0.000589   0.03325         4       608    0.9409    0.8429    0.8866    0.6714   0.04283    0.1745   0.01343
   220/499     14.6G   0.02021   0.01185 0.0004843   0.03254         5       320    0.9071    0.8617    0.8849     0.671   0.04268    0.1762    0.0133
   221/499     14.6G   0.02033    0.0119 0.0004943   0.03273         8       768     0.917    0.8494    0.8834    0.6751   0.04267    0.1772    0.0132
   222/499     14.6G   0.02036   0.01396 0.0005302   0.03485        17       480    0.9173    0.8548     0.882    0.6767    0.0426     0.177   0.01319
   223/499     14.6G   0.02018   0.01199 0.0005222   0.03268         9       800    0.9127    0.8543    0.8824    0.6779   0.04274    0.1761   0.01386
   224/499     14.6G   0.02069   0.01217 0.0005259   0.03338         4       416     0.923    0.8511    0.8848    0.6784   0.04268    0.1765   0.01398
   225/499     14.6G   0.02024   0.01392 0.0005212   0.03468         4       832    0.9257    0.8555    0.8852    0.6749   0.04265    0.1762     0.014
   226/499     14.6G   0.02043   0.01344  0.000531    0.0344         2       352      0.93    0.8512    0.8897    0.6744    0.0426    0.1748    0.0141
   227/499     14.6G   0.01969   0.01198    0.0005   0.03216         2       608    0.9169    0.8586    0.8893    0.6796   0.04248    0.1773   0.01395
   228/499     14.6G   0.02012   0.01128 0.0004771   0.03187         3       576    0.9318    0.8533    0.8928    0.6774   0.04233    0.1783   0.01405
   229/499     14.6G   0.02001   0.01192 0.0005529   0.03248         6       864    0.9328    0.8532    0.8856    0.6772   0.04234    0.1786   0.01425
   230/499     14.6G   0.02027   0.01174 0.0005086   0.03252         6       704    0.9458    0.8404    0.8863    0.6769   0.04247    0.1794   0.01432
   231/499     14.6G   0.01966   0.01128 0.0004881   0.03144         3       736    0.9455     0.838    0.8859    0.6734   0.04249    0.1802    0.0144
   232/499     14.6G   0.01963   0.01293 0.0005993   0.03316         3       704    0.9237    0.8512    0.8878    0.6706   0.04253    0.1785   0.01449
   233/499     14.6G   0.02026   0.01294  0.000481   0.03368         4       864    0.9329    0.8506    0.8879     0.674   0.04261     0.177   0.01462
   234/499     14.6G    0.0201   0.01316 0.0007658   0.03402         2       640    0.9335    0.8551     0.892    0.6742   0.04251    0.1766   0.01483
   235/499     14.6G   0.01972   0.01006 0.0004255   0.03021         7       736     0.931    0.8565     0.893    0.6747    0.0423     0.177   0.01485
   236/499     14.6G   0.02009   0.01205 0.0005718   0.03271         4       416    0.9291    0.8629    0.8911    0.6774    0.0422    0.1774   0.01474
   237/499     14.6G   0.02021   0.01207 0.0005108   0.03279         7       320    0.9173    0.8756    0.8932    0.6812   0.04212    0.1768   0.01502
   238/499     14.6G   0.01969    0.0108 0.0004424   0.03093         5       512    0.9264    0.8735    0.8987    0.6816   0.04213    0.1778    0.0148
   239/499     14.6G   0.01954   0.01108  0.000523   0.03114         3       864    0.9341    0.8596    0.8951    0.6828   0.04209    0.1795   0.01455
   240/499     14.6G   0.01999   0.01211 0.0004146   0.03251        11       384     0.925    0.8627    0.8944    0.6817   0.04214    0.1799   0.01454
   241/499     14.6G   0.01964   0.01249 0.0004147   0.03255         8       832    0.9368    0.8504    0.8943    0.6829    0.0421    0.1796   0.01457
   242/499     14.6G   0.01977   0.01214 0.0005038   0.03241         7       544    0.9371    0.8512    0.8947    0.6818   0.04205    0.1791   0.01477
   243/499     14.6G   0.01949   0.01143 0.0004646   0.03139         2       736    0.9392    0.8485    0.8951    0.6797   0.04203    0.1795   0.01477
   244/499     14.6G   0.01995   0.01137 0.0004416   0.03176         1       320     0.939    0.8458    0.8944    0.6841   0.04194    0.1795   0.01477
   245/499     14.6G   0.01986   0.01149 0.0004509    0.0318         6       384    0.9434     0.839    0.8943      0.68    0.0419    0.1804   0.01493
   246/499     14.6G   0.01974   0.01255  0.000466   0.03275         7       640    0.9269    0.8504    0.8921    0.6828   0.04172    0.1794   0.01492
   247/499     14.6G    0.0195   0.01287 0.0004727   0.03284         5       704     0.929    0.8503    0.8932    0.6857   0.04161    0.1807   0.01458
   248/499     14.6G   0.01962   0.01221 0.0004507   0.03228         6       544    0.9255    0.8563    0.8922    0.6863   0.04153    0.1802   0.01456
   249/299        0G   0.01485  0.007248 0.0001696   0.02227        81       640    0.9868    0.9993    0.9945    0.8349   0.03716   0.06996   0.01988
   250/299        0G   0.01454  0.007152 0.0001323   0.02183       115       640    0.9868    0.9993    0.9946    0.8376   0.03708   0.07025   0.01973
   251/299        0G   0.01397  0.006837 0.0001508   0.02095       102       640    0.9866    0.9993    0.9944    0.8369   0.03705   0.07045   0.01961
   252/299        0G   0.01372  0.006856  0.000134   0.02071        90       640    0.9864    0.9993    0.9943    0.8389   0.03703   0.07068   0.01949
   253/299        0G   0.01401  0.006789 0.0001478   0.02095        72       640    0.9862    0.9993    0.9939    0.8357   0.03701   0.07095   0.01942
   254/299        0G   0.01367  0.006687 0.0001719   0.02053       105       640    0.9861    0.9993    0.9935    0.8351     0.037   0.07112   0.01944
   255/299        0G    0.0135  0.006847 0.0001499    0.0205       106       640     0.986    0.9993    0.9932    0.8344     0.037   0.07133   0.01947
   256/299        0G   0.01406  0.006979 0.0001378   0.02118        80       640    0.9893    0.9959    0.9931    0.8337     0.037   0.07152    0.0195
   257/299        0G   0.01363  0.006721 0.0001581   0.02051        82       640    0.9893    0.9959    0.9928    0.8341   0.03702   0.07166   0.01954
   258/299        0G   0.01364  0.006747 7.932e-05   0.02046        82       640    0.9893    0.9959    0.9927    0.8338   0.03703   0.07185   0.01955
   259/299        0G   0.01339  0.006637 0.0001568   0.02018        82       640    0.9893    0.9959    0.9927    0.8344   0.03704   0.07202   0.01955
   260/299        0G   0.01382  0.007042 0.0002099   0.02107       120       640    0.9892    0.9959    0.9927    0.8325   0.03705   0.07218   0.01955
   261/299        0G   0.01324   0.00645 0.0001137    0.0198        88       640    0.9892    0.9959    0.9926    0.8322   0.03705   0.07233   0.01957
   262/299        0G   0.01357  0.006636 0.0001974    0.0204        76       640    0.9891    0.9959    0.9927    0.8322   0.03704   0.07246   0.01956
   263/299        0G   0.01308   0.00652 0.0001341   0.01973        81       640    0.9891    0.9959    0.9927    0.8319   0.03705   0.07252   0.01959
   264/299        0G   0.01333  0.006636 0.0001021   0.02007        73       640    0.9891    0.9959    0.9927    0.8321   0.03705   0.07257   0.01966
   265/299        0G    0.0136  0.006599 0.0001287   0.02033        73       640    0.9891    0.9959    0.9926    0.8327   0.03706   0.07264   0.01971
   266/299        0G   0.01337  0.006403 0.0001477   0.01992        78       640    0.9891    0.9959    0.9927    0.8327   0.03706   0.07271   0.01976
   267/299        0G   0.01337  0.006573 0.0001269   0.02007        77       640    0.9891    0.9959    0.9926    0.8332   0.03707   0.07284   0.01976
   268/299        0G   0.01321  0.006657 0.0001473   0.02002        84       640    0.9891    0.9959    0.9926    0.8338   0.03706   0.07298   0.01971
   269/299        0G   0.01335  0.006791  0.000163   0.02031        88       640     0.989    0.9959    0.9927    0.8337   0.03705   0.07307   0.01963
   270/299        0G   0.01329  0.006562 7.623e-05   0.01992       106       640     0.985         1    0.9925    0.8348   0.03705   0.07318   0.01954
   271/299        0G   0.01315  0.006567 0.0001143   0.01983        78       640    0.9851         1    0.9925    0.8344   0.03703   0.07326   0.01945
   272/299        0G   0.01316  0.006495 0.0001093   0.01976        82       640    0.9851         1    0.9925    0.8346   0.03702   0.07336   0.01938
   273/299        0G   0.01306  0.006524  0.000122   0.01971       103       640    0.9851         1    0.9924    0.8346   0.03701   0.07348   0.01931
   274/299        0G    0.0136  0.006933 0.0001681   0.02071       109       640    0.9852         1    0.9923    0.8349     0.037   0.07358   0.01924
   275/299        0G   0.01327   0.00648   0.00011   0.01986        93       640    0.9853         1    0.9922    0.8349   0.03699   0.07363    0.0192
   276/299        0G   0.01339  0.006654 0.0001305   0.02018        84       640    0.9853         1    0.9923    0.8356   0.03697   0.07368   0.01915
   277/299        0G    0.0133  0.006707  9.22e-05    0.0201       113       640    0.9853         1    0.9923    0.8361   0.03696    0.0737   0.01911
   278/299        0G   0.01331  0.006664 0.0001545   0.02013       108       640    0.9854         1    0.9923    0.8362   0.03696   0.07371   0.01908
   279/299        0G   0.01313  0.006418 9.511e-05   0.01965       109       640    0.9854         1    0.9923    0.8364   0.03696   0.07377   0.01905
   280/299        0G   0.01296  0.006342 8.375e-05   0.01939        82       640    0.9854         1    0.9923    0.8363   0.03696   0.07384   0.01903
   281/299        0G   0.01325  0.006713 0.0001166   0.02008       108       640    0.9854         1    0.9923    0.8371   0.03697   0.07388   0.01901
   282/299        0G   0.01311  0.006387 0.0001483   0.01965       111       640    0.9855         1    0.9923     0.837   0.03698   0.07392     0.019
   283/299        0G    0.0128  0.006287 7.425e-05   0.01916       109       640    0.9855         1    0.9923    0.8361   0.03699   0.07397     0.019
   284/299        0G   0.01304  0.006372 0.0001077   0.01952       100       640    0.9855         1    0.9923    0.8357   0.03699   0.07402     0.019
   285/299        0G   0.01301  0.006462 0.0001009   0.01957        80       640    0.9855         1    0.9923    0.8356   0.03699   0.07405     0.019
   286/299        0G   0.01349  0.006709 0.0001157   0.02031        86       640    0.9855         1    0.9923    0.8354   0.03699   0.07409   0.01899
   287/299        0G   0.01303  0.006701 0.0001049   0.01984       130       640    0.9856         1    0.9924    0.8348   0.03699   0.07412     0.019
   288/299        0G   0.01313  0.006442 0.0001065   0.01968        98       640    0.9856         1    0.9924    0.8349     0.037   0.07416     0.019
   289/299        0G   0.01336  0.006714 0.0001192   0.02019       110       640    0.9857         1    0.9924    0.8348     0.037   0.07422     0.019
   290/299        0G   0.01305  0.006547 0.0001007    0.0197        83       640    0.9857         1    0.9924     0.835   0.03701   0.07429   0.01901
   291/299        0G   0.01312    0.0067 0.0001173   0.01993       106       640    0.9857         1    0.9924     0.835   0.03701   0.07433   0.01901
   292/299        0G   0.01309  0.006598 8.338e-05   0.01978       131       640    0.9857         1    0.9925    0.8354   0.03701   0.07437   0.01902
   293/299        0G   0.01324   0.00671 0.0001322   0.02008        99       640    0.9857         1    0.9924    0.8355   0.03701    0.0744   0.01901
   294/299        0G   0.01289  0.006284 8.555e-05   0.01926        93       640    0.9857         1    0.9924    0.8356   0.03702   0.07446   0.01901
   295/299        0G   0.01304  0.006447 0.0001326   0.01962       107       640    0.9857         1    0.9924    0.8355   0.03702   0.07453   0.01901
   296/299        0G   0.01338  0.006676 0.0001015   0.02015        94       640    0.9857         1    0.9924    0.8355   0.03703   0.07458   0.01902
   297/299        0G    0.0133  0.006645 0.0001282   0.02008        92       640    0.9857         1    0.9924    0.8355   0.03703   0.07464   0.01902
   298/299        0G   0.01337  0.006739   8.8e-05   0.02019        93       640    0.9858         1    0.9924    0.8356   0.03703   0.07469   0.01902
   299/299        0G   0.01312   0.00657 8.801e-05   0.01977        80       640    0.9858         1    0.9924    0.8354   0.03703   0.07474   0.01902
